Algorithm DXZwithG

Instance inst\tetris\tetris4x4.dat:
      0 1 2 3 4 5 6 7 8 9 : ; < = > ? 
   0 :1 1 1 1 0 0 0 0 0 0 0 0 0 0 0 0 
   1 :0 0 0 0 1 1 1 1 0 0 0 0 0 0 0 0 
   2 :0 0 0 0 0 0 0 0 1 1 1 1 0 0 0 0 
   3 :0 0 0 0 0 0 0 0 0 0 0 0 1 1 1 1 
   4 :1 0 0 0 1 0 0 0 1 0 0 0 1 0 0 0 
   5 :0 1 0 0 0 1 0 0 0 1 0 0 0 1 0 0 
   6 :0 0 1 0 0 0 1 0 0 0 1 0 0 0 1 0 
   7 :0 0 0 1 0 0 0 1 0 0 0 1 0 0 0 1 
   8 :1 1 0 0 1 1 0 0 0 0 0 0 0 0 0 0 
   9 :0 1 1 0 0 1 1 0 0 0 0 0 0 0 0 0 
  10 :0 0 1 1 0 0 1 1 0 0 0 0 0 0 0 0 
  11 :0 0 0 0 1 1 0 0 1 1 0 0 0 0 0 0 
  12 :0 0 0 0 0 1 1 0 0 1 1 0 0 0 0 0 
  13 :0 0 0 0 0 0 1 1 0 0 1 1 0 0 0 0 
  14 :0 0 0 0 0 0 0 0 1 1 0 0 1 1 0 0 
  15 :0 0 0 0 0 0 0 0 0 1 1 0 0 1 1 0 
  16 :0 0 0 0 0 0 0 0 0 0 1 1 0 0 1 1 
  17 :0 1 1 0 1 1 0 0 0 0 0 0 0 0 0 0 
  18 :0 0 1 1 0 1 1 0 0 0 0 0 0 0 0 0 
  19 :0 0 0 0 0 1 1 0 1 1 0 0 0 0 0 0 
  20 :0 0 0 0 0 0 1 1 0 1 1 0 0 0 0 0 
  21 :0 0 0 0 0 0 0 0 0 1 1 0 1 1 0 0 
  22 :0 0 0 0 0 0 0 0 0 0 1 1 0 1 1 0 
  23 :1 0 0 0 1 1 0 0 0 1 0 0 0 0 0 0 
  24 :0 1 0 0 0 1 1 0 0 0 1 0 0 0 0 0 
  25 :0 0 1 0 0 0 1 1 0 0 0 1 0 0 0 0 
  26 :0 0 0 0 1 0 0 0 1 1 0 0 0 1 0 0 
  27 :0 0 0 0 0 1 0 0 0 1 1 0 0 0 1 0 
  28 :0 0 0 0 0 0 1 0 0 0 1 1 0 0 0 1 
  29 :1 1 0 0 0 1 1 0 0 0 0 0 0 0 0 0 
  30 :0 1 1 0 0 0 1 1 0 0 0 0 0 0 0 0 
  31 :0 0 0 0 1 1 0 0 0 1 1 0 0 0 0 0 
  32 :0 0 0 0 0 1 1 0 0 0 1 1 0 0 0 0 
  33 :0 0 0 0 0 0 0 0 1 1 0 0 0 1 1 0 
  34 :0 0 0 0 0 0 0 0 0 1 1 0 0 0 1 1 
  35 :0 1 0 0 1 1 0 0 1 0 0 0 0 0 0 0 
  36 :0 0 1 0 0 1 1 0 0 1 0 0 0 0 0 0 
  37 :0 0 0 1 0 0 1 1 0 0 1 0 0 0 0 0 
  38 :0 0 0 0 0 1 0 0 1 1 0 0 1 0 0 0 
  39 :0 0 0 0 0 0 1 0 0 1 1 0 0 1 0 0 
  40 :0 0 0 0 0 0 0 1 0 0 1 1 0 0 1 0 
  41 :1 1 1 0 0 0 1 0 0 0 0 0 0 0 0 0 
  42 :0 1 1 1 0 0 0 1 0 0 0 0 0 0 0 0 
  43 :0 0 0 0 1 1 1 0 0 0 1 0 0 0 0 0 
  44 :0 0 0 0 0 1 1 1 0 0 0 1 0 0 0 0 
  45 :0 0 0 0 0 0 0 0 1 1 1 0 0 0 1 0 
  46 :0 0 0 0 0 0 0 0 0 1 1 1 0 0 0 1 
  47 :0 1 0 0 0 1 0 0 1 1 0 0 0 0 0 0 
  48 :0 0 1 0 0 0 1 0 0 1 1 0 0 0 0 0 
  49 :0 0 0 1 0 0 0 1 0 0 1 1 0 0 0 0 
  50 :0 0 0 0 0 1 0 0 0 1 0 0 1 1 0 0 
  51 :0 0 0 0 0 0 1 0 0 0 1 0 0 1 1 0 
  52 :0 0 0 0 0 0 0 1 0 0 0 1 0 0 1 1 
  53 :1 0 0 0 1 1 1 0 0 0 0 0 0 0 0 0 
  54 :0 1 0 0 0 1 1 1 0 0 0 0 0 0 0 0 
  55 :0 0 0 0 1 0 0 0 1 1 1 0 0 0 0 0 
  56 :0 0 0 0 0 1 0 0 0 1 1 1 0 0 0 0 
  57 :0 0 0 0 0 0 0 0 1 0 0 0 1 1 1 0 
  58 :0 0 0 0 0 0 0 0 0 1 0 0 0 1 1 1 
  59 :1 1 0 0 1 0 0 0 1 0 0 0 0 0 0 0 
  60 :0 1 1 0 0 1 0 0 0 1 0 0 0 0 0 0 
  61 :0 0 1 1 0 0 1 0 0 0 1 0 0 0 0 0 
  62 :0 0 0 0 1 1 0 0 1 0 0 0 1 0 0 0 
  63 :0 0 0 0 0 1 1 0 0 1 0 0 0 1 0 0 
  64 :0 0 0 0 0 0 1 1 0 0 1 0 0 0 1 0 
  65 :1 1 1 0 1 0 0 0 0 0 0 0 0 0 0 0 
  66 :0 1 1 1 0 1 0 0 0 0 0 0 0 0 0 0 
  67 :0 0 0 0 1 1 1 0 1 0 0 0 0 0 0 0 
  68 :0 0 0 0 0 1 1 1 0 1 0 0 0 0 0 0 
  69 :0 0 0 0 0 0 0 0 1 1 1 0 1 0 0 0 
  70 :0 0 0 0 0 0 0 0 0 1 1 1 0 1 0 0 
  71 :1 1 0 0 0 1 0 0 0 1 0 0 0 0 0 0 
  72 :0 1 1 0 0 0 1 0 0 0 1 0 0 0 0 0 
  73 :0 0 1 1 0 0 0 1 0 0 0 1 0 0 0 0 
  74 :0 0 0 0 1 1 0 0 0 1 0 0 0 1 0 0 
  75 :0 0 0 0 0 1 1 0 0 0 1 0 0 0 1 0 
  76 :0 0 0 0 0 0 1 1 0 0 0 1 0 0 0 1 
  77 :0 0 1 0 1 1 1 0 0 0 0 0 0 0 0 0 
  78 :0 0 0 1 0 1 1 1 0 0 0 0 0 0 0 0 
  79 :0 0 0 0 0 0 1 0 1 1 1 0 0 0 0 0 
  80 :0 0 0 0 0 0 0 1 0 1 1 1 0 0 0 0 
  81 :0 0 0 0 0 0 0 0 0 0 1 0 1 1 1 0 
  82 :0 0 0 0 0 0 0 0 0 0 0 1 0 1 1 1 
  83 :1 0 0 0 1 0 0 0 1 1 0 0 0 0 0 0 
  84 :0 1 0 0 0 1 0 0 0 1 1 0 0 0 0 0 
  85 :0 0 1 0 0 0 1 0 0 0 1 1 0 0 0 0 
  86 :0 0 0 0 1 0 0 0 1 0 0 0 1 1 0 0 
  87 :0 0 0 0 0 1 0 0 0 1 0 0 0 1 1 0 
  88 :0 0 0 0 0 0 1 0 0 0 1 0 0 0 1 1 
  89 :1 1 1 0 0 1 0 0 0 0 0 0 0 0 0 0 
  90 :0 1 1 1 0 0 1 0 0 0 0 0 0 0 0 0 
  91 :0 0 0 0 1 1 1 0 0 1 0 0 0 0 0 0 
  92 :0 0 0 0 0 1 1 1 0 0 1 0 0 0 0 0 
  93 :0 0 0 0 0 0 0 0 1 1 1 0 0 1 0 0 
  94 :0 0 0 0 0 0 0 0 0 1 1 1 0 0 1 0 
  95 :0 1 0 0 1 1 0 0 0 1 0 0 0 0 0 0 
  96 :0 0 1 0 0 1 1 0 0 0 1 0 0 0 0 0 
  97 :0 0 0 1 0 0 1 1 0 0 0 1 0 0 0 0 
  98 :0 0 0 0 0 1 0 0 1 1 0 0 0 1 0 0 
  99 :0 0 0 0 0 0 1 0 0 1 1 0 0 0 1 0 
 100 :0 0 0 0 0 0 0 1 0 0 1 1 0 0 0 1 
 101 :0 1 0 0 1 1 1 0 0 0 0 0 0 0 0 0 
 102 :0 0 1 0 0 1 1 1 0 0 0 0 0 0 0 0 
 103 :0 0 0 0 0 1 0 0 1 1 1 0 0 0 0 0 
 104 :0 0 0 0 0 0 1 0 0 1 1 1 0 0 0 0 
 105 :0 0 0 0 0 0 0 0 0 1 0 0 1 1 1 0 
 106 :0 0 0 0 0 0 0 0 0 0 1 0 0 1 1 1 
 107 :1 0 0 0 1 1 0 0 1 0 0 0 0 0 0 0 
 108 :0 1 0 0 0 1 1 0 0 1 0 0 0 0 0 0 
 109 :0 0 1 0 0 0 1 1 0 0 1 0 0 0 0 0 
 110 :0 0 0 0 1 0 0 0 1 1 0 0 1 0 0 0 
 111 :0 0 0 0 0 1 0 0 0 1 1 0 0 1 0 0 
 112 :0 0 0 0 0 0 1 0 0 0 1 1 0 0 1 0 

ZDD Paths To 1 Node: 
83 42 32 3 
83 9 49 3 
65 49 19 3 
65 7 38 51 
65 7 12 57 
59 73 12 3 
59 36 7 81 
59 18 80 3 
41 7 86 27 
41 7 11 81 
29 73 55 3 
23 72 7 57 
4 66 39 52 
4 66 13 58 
4 60 37 82 
4 42 87 28 
4 42 12 82 
4 24 73 58 
0 86 44 34 
0 86 12 52 
0 67 52 21 
0 62 76 15 
0 62 20 82 
0 31 76 57 

Number Of ZDD Nodes: 73
Number Of ZDD Sets : 24
Elappsed Time :0 milli sec
Count         :224
Cut Count     :14

